2307357599103331692
7611517843508625022
2023149574212565009
3259536611031903214
5596948795061725550
1845311150360100379
3802553705182327812
5880844178402627307
51687724191909639
212433922372393452
4256010943524036479
1799821749069374286
5567756452857883227
3832046012769211214
5230046398626174364
5363448899280211351
3235896808910498384
1104616322767624746
7229939747260450055
4585653402097806551
6850079234287883846
8379715454078966745
3988334208983984307
5065691317454960246
9177139093096786591
6632674177826452051
5528859872599911467
8209374740504248385
242121487891364009
1205813440156921055
5109726576165486977
7863478047828334340
2972406876191334942
1155679121420942276
3356926390594232636
2736953629754258061
1543078997000184934
2940355817830304110
3737014599483448032
5948718956710291381
5078995069432552417
108550499524158039
1588354958163298931
8036055664151920050
8622438997551039364
3849822883063593577
8663513124472692569
3964694390594208947
5743615065292327027
8437249791881998520
5818071647712419716
5803751384608209004
8455532798516352127
7309324499827751855
4534385908673817619
456071248312131447
4036518255458377914
7371439383959489818
4136072902202672835
1366174174563688374
3875979341238645641
7911892266537160761
4422203168869485261
5155111161750009858
8962297737811163865
371032632239615802
3654405918839168605
252156666303014186
9073592716234208487
4032906834134271432
9061759527289017319
6106566337624624285
7535998637160258592
9106184916329209812
6916551357856857159
5648059316955778844
5522814754156955626
8841418953696668372
5260804729979929853
579844012048390670
3090004176947687769
2762196296083701608
171312433592886067
1107561447193026776
1071217103079987940
1389364701971364236
7728503586313115543
7748268312558007567
7123331139968785534
6434373724782565926
1307431841613811382
4084714344856517356
6424958144606770546
271756477048790795
4458332177224064220
2086890354950678605
3619394310717284645
4619080918666542028
1213494429889073293
4011231117012506410
7217844403768194316
7614176425265711311
6442547177356749659
679679570300798131
6526179193726668933
1436089095876908866
8851003904266956059
6212249024111961467
3941708304753860250
3830220996352491298
5984477498310614044
1086371385563961925
6411170150661056575
5199637319622934187
4674077789774342021
5902966477468539707
576525813463798559
3258821589863864838
8050595772895117797
1158424898977095608
3109846667253886334
8904937877133251316
5117670052032264648
415563248011161376
2137556343502279155
6028510264215665123
1009506196525364686
6597662256824152116
7706309539679098594
2664107548950431206
793897844268333617
1245171784788113292
6277461651483140788
2373014689460853599
1298993464780695294
8807060048265665722
2010385039183912697
2534255663583921899
2019875332661125219
7601129176501320656
6729738384525445693
3837757871553901278
328976636751036232
6091976841538261570
6068641804027655437
2086832482325946550
4592926574865897521
1513573001288210902
6965955297098722082
4465296458184959982
3116674063852042663
4113322935955970894
4961196318783496500
7759052325058927345
3439933209617138994
5100741044491779644
2131423749602804515
1659092402737141133
7512241292802341799
8924460042285676035
3211844459873096950
4065234418521515688
7011982229526899526
7839574770428068401
2905088432204020723
1494274708104662533
3879437766441314217
386295371083320260
3711477349949102727
2748689305861049323
1626278605399206658
6038582484581233877
2737666836876873744
1904363526454241388
7406785585350798074
2288839275850837856
6758539156867999461
6372307450035144690
4146276987219001211
1725629061974572389
1455622027056878664
7865599927146677649
117020936888992267
1309128355451706126
125214633248736718
4567766780630588009
726444472437913199
4385127242349055668
7211771707002368335
5660826748512584980
1447095679206344573
8302469518439969597
8020753627333827867
106369962332821993
659721570476613347
1974510723773527581
7908548180896714788
3551833705822226050
1423624110462546232
2623135513262383253
355163518373426270
2760948495595649697
7551621486936488665
384972478591344244
660293282689950870
8549143789300342630
97036556214202840
5171579768931554012
6376959277313469416
5636817245714828775
5187998404929517877
4540315089712718627
3027272762531308790
4167519242084920499
2975566968379718998
1806818032219944661
3157317188885965308
5612711350428768537
6927320501883518307
778037220041032403
2454606838115596254
9092009810855642338
4973366773242212395
7323636379840292333
8378339818034315131
181749499522505136
3812062000324969038
580071908587749447
7029989697977437530
5372444941258604315
2946504452651818271
5028958053281602110
3246396839561042663
7367523600562132807
6464446195865395888
275184900721764273
354583699379214158
558644065971765149
8919599533812735725
1356848582402588266
4815602696844399166
7308208197774566285
9167992984787760045
403984021380743596
6395506993452311839
327018084636857573
8196716511089782778
1604007311230184118
7595572663954376845
2084712618858977806
1632948626535172098
8821320096085660225
6136667782871758429
6036937034201230994
4036007950222199035
975336213559933472
2534780331569112429
1428359729106781653
5516857751860822476
7578072787589089079
6707500936108668367
790156580154622369
2472617572977890752
2935264037897491175
1899416246716420749
514062972139245146
6127518419936666637
6093944714120100901
7068681825058661788
129794583985364897
3821112140731696751
2542617258946461140
5794720915953842970
5331162378614629332
7342899101296633801
2184990299898273971
9217352428105697730
7112744567545782013
1441712097759205247
1789870578369343779
4506070979409083794
225377066556817434
6039661692796533211
1508348944231654402
2679240066925118602
1929739245948163747
4339086836600302297
8296912951190926774
4729979865420587399
7384391833079305110
6184500252784074075
8574479965209491043
8380541199844834779
6549556438604739985
7148627279927099539
7324658946745588172
3512523338534766242
8674492898953831567
1125337406656662022
590587322590134674
7452852588209676381
1349398165038389915
4151107781977980425
6750140736790121951
8020511993897691987
3963164388874531362
520119495993337106
4118210827682416948
7062080726098246094
2864005406775904238
7384766614596989517
7304240221745669326
721465848173728446
3712190617906504312
7361967912831319431
4382568383923199113
4339372262848804655
4015484386596820454
196830625030345300
6787280695913468846
7765971913196943856
8744647679682278220
5712179242466023716
6182471949823600423
5790431362716343857
4802586126472670950
7291051792217479300
6577848457292643556
4375013753686490276
5571988447644248045
5050144775680449212
5706908578324508849
172014499513120483
8445355997370562544
4260006163003960107
5158471552454567981
4449550785226943520
1872910929540723049
3782916253201965342
5718929818913100960
5897636372715730482
2878224680903243671
8754072897896843847
1880067238435333633
7655169722225733225
1481170857584228211
2192742598005041961
1346553624591296598
4192939478566861480
5587553882938913547
5251847295759407312
1993820608486885146
5996746214399804479
5460923249724908609
8440581643859427006
4512632263284067412
6742871556380340348
4661423712511556615
5273227174246285485
7378713060729166011
8718287231977272634
6737687185217721149
2319323899516031058
7246743423393580910
6056877981157886273
8363376297786834791
7244240622257950009
479693911369302950
4808743241164760676
1050050863324340369
4981024557827963398
6160684386960081221
4349289956366561923
5777316525373715551
2939595993706622309
7234645379747047364
901730828979379464
3901030190001777031
4803159041536548928
8716666940760968165
1553641084220736119
2076900888034307386
8063026763754827241
4316533365182907956
3464879566642335682
5641077288656964919
8311134894935477021
6165986219382311886
4196427104296824809
3001779959741386079
1860425132202901781
5630481505264782733
8242162879285408310
7717836131210403352
6527606364252464575
7732787724342593481
7911491917060750134
1249055156277765564
2336513269904467509
5854588848779177873
2453425557314847254
8593290629146349903
7375803246627010903
6112052447498249355
4545824759161911011
928146180832400110
3691808873516129832
5436491584414090413
6141976362734405507
3515925870062025961
4549487195668916243
6718519081698282065
3306313435358367115
4042341549698556447
2605808832739850371
7045841317133496046
2936961702175943448
1730936269014310764
6959710308429228683
7258093817217451210
5575113468007315257
3511417625883138689
4316297417317939282
5220927736150875898
1586186168938537653
2347014519699588659
5377269928173679675
3069939491828032630
3940473177364630878
7899563411877070210
4011591342623702893
130246086626715627
3618263576408383359
2107799072964610490
1012557932561756047
7624330909783459099
4038192287209265116
4092507921858418090
4256663117789714864
6619399294503676092
2699300430953623072
4932500180521124004
2811036124129457528
1334432583019602944
5213457998237141970
5738104106173828541
8097567888407335953
1258048739149043762
8071750390462266338
8150687972775884241
548041617891609636
2876413891081092749
4359263112384297173
6196205689972443706
6419255206274361456
1915345559610021482
8611370245241947518
8019347558011472033
8689779210713190721
9132053085437779806
6451679971567439238
1431682411478002881
8790718685020822141
2823175350244966747
7609055376896528915
5684922501486641580
9133099189490155089
6216707006897211606
3613730297798147363
8432318753305899639
8870276068843814547
8543538894071086418
5776825133761678270
5649463555233788635
3163568799891913680
7795219562771356950
506144068891539535
6840693536441888780
6920111286436750512
3413977405280795426
6341357820736788822
4116031170418358818
1163280845839699630
3461541647192051423
3994747676819423350
6648595233255657560
2133591165744839166
960743784620590338
7725020582968802492
4353940230927595666
3261123172453308276
3609605293784778070
7349855939657562975
6794679263397319464
7519648612214142109
3840519491457459648
1739786469967379058
5770696977468369517
6775792892187703170
2919050917032436099
6591775180254437531
653472434336341653
1928088391007151628
3553121698540276524
4865727038709921369
6644820142683497693
117828286423900406
8362263083402326481
8059939221046219442
3059755218313531068
7412359349302799704
7926655305394006155
5433642454415311040
8135561856071554057
5936403293815553540
4431373094128931000
8549148125449428358
6495844036043924222
7721636818472224537
3928683894572614276
1504479169106093748
9020103270945200265
1864948579618101676
890027626228245921
6528189051161201234
6880071984119587552
717917691934626043
8186364300109524713
3850269471466470293
9061830839502105691
7093569898516340227
8633382625845260179
5248141747155773358
3322521549843753057
457497958768969151
211414484935039169
6837527683567155647
2791421649733226239
8919580866824878528
8770341130865361053
4206230868663971772
3960162548046446835
1005321423536044695
7708498785211848313
6717279439583784794
3149068426533389436
4338081305458469787
4784200200920294729
7621434224835919219
8309544169761052260
298325786334515707
7738296907201469004
5208896940906746842
3772042404523549423
1840820778037314778
3450889272091037638
1338190938990743657
2884507715931843035
8699577046731363543
5404353917667002932
7274710299116797363
4876186499645990706
6048000732664689634
30125795337670160
5365608260189509920
6234429322067772568
2680368149822906522
5437797783673390564
8499838831908329991
4168309306435898543
2438196141872761405
974424878328349589
5666031974723809990
2821401732343421714
4562374066849280261
5260387820036853617
8493153654280191179
3155665945509644073
8430813489176481766
705688060895116803
1559759155431188478
1270924508493622921
1644278250901160260
5153476660381673940
4228635793637948944
1076027151035005566
3898882754090080022
8888764127918102362
7722943374165518664
7213680852869354649
1002346650795189926
3498579587390661757
1794762365430827775
8928280566748408181
3566433146798111824
7029584837294783724
2064104454258054307
8127225110327634333
64955216620563214
4482942696326747532
1625492048504153380
6520204225721363782
7341824079964318767
7479789193588155733
4683817076805776878
1871796466909279145
872224757349993930
5341472421285006166
3179358154681908112
5504916960912426085
8192376796601811420
653530357891614703
8994817465209321038
8126102060409067107
6372381966331692412
4379542584935755786
5874824669318998228
4705190713258803707
299671395171877034
5500892559026874315
2790146093271154497
7205937246979334298
406968917990690491
2822778676280976869
6477371385538451261
2955522026222985572
1206780393914585726
8981820029792345057
6123403888807713644
2276381843810220593
4989251734890838406
3383967084508402195
8281278887253030348
4648240030819532703
2077678716812936907
848716960233626302
8533694677009191503
6638634333610110686
1610900641190114030
5444386284055601533
3659483530446263559
135542292086942002
6920264678516499876
2935566862769493132
3428622958080733589
8146638117859468419
5030334451194377323
4885212769588891583
4852081338846144168
7232451699371895403
88713097195305875
2040705196060058789
6296857991960535871
1954076147829231088
5281602516155645603
3754660411939117062
4578686784131752515
578335079816816680
9053551038681522752
5688947394412089908
7163885899166371338
7578834454485617289
1172133472705130682
8322571056261891034
1403129205032209077
455231911943392096
822667271692069137
6436573120899101775
1194863305000948303
6717615400947523258
8304381611202383500
3298371877305938361
5386505047155951218
8066378755630121642
5076410243242171936
6480276679217618333
1536615707209758980
1631520818040382498
4248877391235617860
9000176798708009864
990583547961945170
106272127646934291
8480974673601568200
9077067755249275699
2794731042416728932
816889457918870147
7585291261589040502
6576810648946061103
4553544675378862657
3036545722695761303
2442250206663324979
3272397702740481149
145980774189488318
259490063479178122
3808152430584125117
2755148222174028777
8689402764456775015
4515243901035638849
5080588749732061503
6019760504672223256
5104906808196586271
6717397411718924764
3249861257452376703
7431363348473672766
2544930870089382621
7565314092270237929
2839233260531696467
6816840826919727829
2786411187998430232
6830468180947674483
2494056894502649412
4799305681637884242
3362538671426625242
3933703567746860354
3174405238257803065
6370850423685604813
1330696171591491298
835160480579164929
107504236546195696
6130890830541817947
2245718994307022112
2692620733958851957
8100442918494296719
4507134926774579936
72707798177178505
679778221633690524
8259619524729749197
8980035987709133096
4983070367444845068
4163845228100895696
6350728656908995302
5303184939673724751
3166224575285607292
1349839654736339232
2959858353112199366
6943390483834011399
6723608382929382081
7017438641942602874
7241732720215035729
4276541284866894234
6581121559951197851
5364679636378749918
8118931073229439594
2336036146952878668
3933559793080103813
8622002607804637651
1818297334626070966
2482348517794922319
6921715184505412146
7880636210161304211
2984910990320268426
7219515742857285102
6445233564754776018
9128351822127441092
2742325052470224784
5935411302365236902
2561036470903261864
4527289898838391844
7532925338859119199
934088429387356809
3980339501298147933
4473334693490408469
808454499558020851
2517563792446201445
6573306541121460226
8826926542645054525
3047806597369977294
5933125716827109762
8623572935543078581
8497716794493928161
2992067915172145552
8927568426824511191
8266448167792092549
8607829230097213650
3812128134215999903
5551402741595139315
3204837087003724330
7386551861446331140
4582548918340474949
3921603431431869886
3129622117300239943
1491380497279757324
6467827970300195558
1589103646645579516
1491386692443909662
1514163828497981809
3121964261915973680
8750111567380109058
3658832568824464834
2159586003552972285
6025443891495813750
5897797904982591083
2271092019869373492
8542780758101765985
2081708383467073216
7958938908844639951
8117346368152480487
1995678490190796204
4834270481153690733
7844217619471354823
8582916022779329080
6303383685816435463
1676919528706272672
1814446823663654995
1541299525353345721
8939827123728441052
4870451875600545742
3592242005959672399
9089740037699611827
951452416031712186
2094034908384418000
5045338406719898735
1003296772108107559
2288163842102652788
8568604327694364701
3202209044341066738
853022257771197655
4873739514636497577
2200363623441271433
9020899015249175689
3783950073732920596
484713384294442597
6130944365987976153
3542994579580266906
4863410084982499800
6119968420740639680
5362498247651534814
5714054420362220074
6133138310963974241
765223520015182911
6226663233227075933
5571988808222753016
3914593582094915000
7738635440550755662
3810312019575189936
4956580484823060772
2803944160738695330
4203058348513734760
3311730152155826520
455422798389874924
9131274123973402953
7541289264501895004
1581819107907853552
4805513199470708214
556752604849793831
6812293025206321243
6206488394624993833
4737699510742970531
2416524027825121629
6590540598653783076
7456775046655467145
163257679244442015
5151686288586506385
8885371192069637374
6852124515531314507
8269125096983011543
1372468164877273602
4377822304136546462
639310188294908803
8068058643139520192
1973676005807954188
5140900991256702716
4683559947593844224
3339494453118571412
259536373936781762
6171968761130659128
682658424124710866
4829991115973192743
1820072312647409075
22745013597476192
8072599964408378746
7274166017226052367
2048689374119177928
5037104234953207845
7613020985898904276
84411566134592999
6618172230826822872
1821552171310655390
7651509056504927331
8844491310651636527
8207231912670949140
6948162575678722270
40947418556677682
3195262909495695374
4380816556508874575
2336932137978405585
1251875518230641300
2618918567959436016
2238644229480335100
3646782838270678535
1298204001337795667
7502490936634321869
3247533911445867712
5251221334058900976
4229785170165728531
8136184333501120846
1893305984875016638
6824315020238491737
4025354667725045200
6559835680658613030
2256778823188161319
8179054272802843014
2220097244447977282
2192826618384939711
4535257317302359564
906823172900046557
9024516170824376888
944107956275895223
2875964948900380574
6373717543072092024
152287239007763448
5298178146985144392
5364267735954034400
5393533772764980119
6639656701304172569
6382941934155818385
6198726806777052032
713734315275777371
6471864181763677211
424341644224102347
6880984269702879646
2219445119919749261
2330099604901091232
301519693645845892
8190782115793573688
618499980637027699
3464519825537348128
1521148191517019857
7894882356334060790
5973665844936503393
8010553796505627182
2070610240907278987
7640735741398245835
914266090882504273
4326622299789611298
6399657742731590970
1010622675657857072
3311576008408877601
3420543967782379902
8507393032604592089
8752204544266778623
6969051615303301802
5137232212852916270
3636493564678777218
5724397482919685470
8633913215645792240
5473681147074454634
3084173207962946328
5687564614860191359
682997273650660388
5290843968606618800
3159529571939602576
2707790449402799250
6272911889284257118
8474494873513493414
532791099591670235
4907091032413436205
7224003393874726015
8973104044220596904
7793121978160844648
1151593957051361204
6935046206290472451
2132053707042885723
7364843621430651286
646032760165923880
6978400018860234192
7066454416928521225
3094120180568440226
8144875543043231907
6699170730327499787
779179864423517596
9082153244821260985
6829000396548262484
709455325756849459
7177103520883235430
6000014543496654603
3785820949737607429
7509332011838511096
7434520101190987471
6833939653060191080
5169506748907243414
9019392682102508975
5620820115579792853
4769476967719955200
4471687696563450933
88698706087399246
8800503084844188
3456149711145290149
1560810727068572669
5257962970538269380
1066413372111214931
7149631359683776994
818980391524677917
8231250428957811277
4669027296020807365
8503411229750433922
778713713343614183
3958064220785166350
4916444214956980933
6516381333786802571
3290539198623271475
89241334136308571
6029368610947504349
5239976402125843615
3604668154239069120
5105682013361825623
7109804040426061505
7066640212604580110
509606089670396830
2525335883534962950
7190355877704934479
7707808236406475696
5235512454458022675
6878055119951407703
3575021517118882043
1027069339151840230
2500008320725128863
5068989392121407642
5996667846573742065
4559425384638706645
3697407834252917651
6344326860041145040
5533751164955559475
9145198917643084541
1819298741641298262
6350440036141591842
8022210371916740549
1015342325937221878
2296650145333207556
3256009300569436897
7654705270579129142
3657564406476135971
5123913666575516403
6631123813508526762
2713637920453867869
1318698326861726442
8483084560921707217
7705968931652097601
7982207536004096016
8034208325720473120
993950006485601679
2410779290455015028
324455273553658858
2465470838643209803
8227444506788723128
3864833565205033702
5466510152240255738
3616492187718504315
2102932787357649671
1408355582043256941
781573983992630403
3393831186230840599
1723361773624696499
9145451650924119891
8072604949096148667
58051793444102215
3001593230703589356
351118461364029450
7118724677470249466
5596198067216163017
8651310057338891492
7134949915679825505
8833906785531752689
3005348892507489509
3585133994392208459
4172711200412558887
1834099252276300247
7245573521650348484
6929653399693477325
5926992209094915161
5848312615340930211
8391051297458240637
3625248708739170916
1952792037056938910
2766099784949697558
6104772490438938182
6712262393169221737
3877643710451081108
7378901239296312912
8298437346614657756
8132182362853601886
5346251287474782732
93428596646188852
6481825861324634748
9033060935054006069
4040981929154716421
6394126049296734470
797332222859061792
8901102980150424896
8207082687154145199
678264866940748877
677594771286485020
5511908534201760276
2823232013990238118
9153214257659244704
2050773463273291068
8237552740254663631
5809846590047446569
288744553437056826
2724573996840797998
2285595318225767468
7530585755863154316
1460768367372084553
6064616329447035643
6343863362943994689
6781802494350012323
5514920346007249874
3296862245031728235
5764702078747374855
7946461349676126704
7649766427187430330
7088712720589325524
2310821230562376341
6783096413964922502
2770720848012994274
1913458904346306853
8501042448453375735
1829705341330139932
5560400057705448841
988782004228856229
7660021704069375802
2603790228422648120
2526056401677662040
519388388866054851
9171262935218902842
4915302089773316996
2388458479519523863
5947301507682472910
6293138816040380184
932193729986866590
7172617732306986732
3665466128074032717
5035906919656384433
5221248996090446596
2211108959974599957
1508239975759657043
6230310837176314359
3209834922654739431
6023833481429487477
8462821594039946441
7081512495525604443
7623920564190591791
6130437576781301042
5065512533877393518
1145231229664884135
7615071954117234751
3913654179442379095
929682467604329199
1206069394654212310
4497589532817097594
8359055408625393912
2718115655262731505
6228909358901389588
3022271152413532563
3024914323826778925
773655394810212969
3469481054895558886
1978098527805072935
4556666265693400283
270526651183570284
4246166136086833828
2275319209873563515
546373798100692742
1856036172702664070
1980085204582493
4525999014848283551
6502101798613384374
2480760516194520946
3402679708701991100
6306003002982048677
8412239881152284485
8205307945793383722
8300292200870754780
4870066373006910505
6541625753911780418
5256549783143355014
3408674661519173732
408940457259706762
1768235962835823304
2554434227740400953
4829233601008641200
4382151590125779209
4682198375942323607
199654251844741733
1246275227114831400
3157788221451615835
7641656033262442151
5173384459482353315
6056586738239617383
2082308282787402920
5183880945299935137
3583019469187929778
7602110459408435468
4800996516273326220
6012693233252972707
6057372259924718236
7786073160163927540
1631727944257466345
498378177246112169
5854920491324214646
2248734042892785712
990113251907639374
295137692765000367
8190873808125707348
7141413845143540661
655521027547864958
269668239532504949
584587087277697508
7911207929251504125
7479721307853668628
3093110128789714407
8496255001618044831
6052285546512746738
1957666619082670518
3245337472780685757
8856881171481953946
1665440100521420704
7592154028619772874
1018869536303293607
2709496370867753539
1901909862897644171
2154123582991455049
4819415446081620344
8655932456710333628
983172619160593778
4680241443996201506
4338980118853401444
9222061175649820171
8793153454366711836
8604028540915532543
514942596814594298
3893906262017280852
8129275495991210243
2920310408377837646
4206461908109053448
4371861075159323096
2978606831568963456
4551538823367958013
6444634270456076327
1955117365386312269
5808662945388240709
3284717329304769423
5550669648740800872
2006232695721545095
3871259123113852385
1785769613041447970
1862365017370468720
8207335109197461387
2524529668142099073
5652199200736660671
611765115459351783
1731385150732339182
1961333512747719013
6546940565156562028
5049118701200577926
7113802941367210998
3636579554650409686
2183993032896027059
914066150359398126
1889763806580428299
2020042957781316583
7225836906259519588
6810659205226881795
669251814128351311
4860710542987138732
7529031215064411202
8583246823855916771
7599260637022166625
742118390074047819
5218459888731854376
4643940303440157000
2114152624831023645
3829356076220653106
6541602858928147769
2898650943316433188
2560584390872900253
5498574951423943696
8286487235341502202
8072736601415356343
6469769757041984526
7271774077558035801
5367415272842200367
5568641925962437845
6621579739819149016
8374666153327867737
7406265094856314082
2654099674302374985
6771266172274858056
4003598460924707679
6784237796938682200
1808885059086337985
3915457532300969315
4565008795185197124
5526968878961749419
794604939301391829
6823755627171144772
1025303432549308173
3137306498139334877
4633632537973843
2733179978064986468
8243158208760496139
513101815489548113
6532522961065584627
8339515892231763100
5934406774138630323
838320643517551977
7535256686073101379
5939792985854275299
5274417902988001496
969573844183459379
1319148033028947730
3346609409370195980
8760229011904188313
9013167980524324475
5028327238984619157
5415572803558620261
2937270614689558519
2024741271970280136
3263727159923806883
8396119483198101344
828623199605373296
5471109287402950302
8729996876415245096
8251121421968669981
7347030521391074331
1568284939728995009
4726481321223768693
7357364969566129983
8448641290411765094
4419063264487371597
1792240146479836032
8871945066755281552
1188482099140537527
7433683853277800151
6425861362661649505
8412397465445049352
3004228861906635325
7887944209167491202
1966786861116472056
4594769526977545550
9044509894869868187
7895187627302981392
3105059547387655685
1605220091388202471
8411103786095720227
3274948890504450755
8077644220835619585
5789742454621362145
5359172616395987473
3196519717088541268
2391672525930721380
5448663650820534945
8019240089182486126
7590902032636404209
8008431426314479438
2762445853730753246
6406590701325082764
5443379633840923140
4981043142988878611
2278208425571548805
3108713584622832598
781268265281978538
1219922853288352649
5629175330309781854
8265063056481701850
4925869309392789506
7155032084154326769
2186271888829818774
8778663533300481066
1834812377228302507
1826080724670017101
567726961854483698
4881073383461502189
7854596407540159473
183223845090656380
24371109132890560
4845311107448787054
8427948090445089995
4088586864295226234
6811209116913096952
1596290189855139196
955176418080739737
7833874233335115270
3561743511964147780
4125275859766726678
8555594879832150972
4390687510236601379
7983293036872643615
8456770398606412527
3856747150067888476
5059305954893670245
5394033235395465625
2613012933027807885
2462473624291656082
9095747158719442628
3071223821539018159
385638930584861592
6121362851491857252
5626951032954257660
2651644085593797713
7402491450415378323
3559225435621941351
3252128797253831548
85582526613092552
3807344964204855219
1438004576432351557
831304525139688275
143282783923286476
341876390323513006
410754185757496416
8435469690357901683
2754605607450913079
2150273751346824578
4220895014054916497
4432553132689833882
9193839680319782707
6201402184608091131
8877962966375749253
7338013335515156814
3024627541426247524
914590859627840724
83118875234151813
8589881538781301426
2797769694344978037
5605487192409125544
7050497559089041445
6343699860560571031
8560343893089407201
7726178247065774352
3652871473235602054
3644795640387922197
6557253528119294809
6095047115965825877
2655452048912578903
700625318886295411
9051318461953900274
4060615560134980753
408270248064133721
4657091345479207536
5131502199754852858
2917669142090988498
8910733933755309687
439210510871332443
7542363779372318474
3601655385157915655
9086082834970750666
6229583505686268259
8927950553497288278
5892487374153458802
8582017520758715071
1803447707279641467
6214550194904744679
7138782958063832208
5646934136289452472
4965739995833672119
21360964900040004
2593154968042106376
497968170007876286
2406531690071089030
8841118490301815870
6519634958224154919
6069283428606329349
5829548637463313465
7345939134094210851
3967407992757604014
7811823618347628085
6480868838883859012
3868949116066490985
399958308429611631
8702010233769454090
5591787985742779622
1444951517050805243
7466288848307273983
4628811585562342258
2134307209602477574
6971362625761757636
5383879673966720230
4557185763291593720
1563108300774219564
6902482666003046389
32718084411393606
4074232591196908633
906658253757349535
1156375052935623948
6285198192380905711
3045342091158483677
9197488148984984982
1137375762168633791
1132872927872012602
6930978817721811362
2530512166015921933
7577783522925386814
5671235166816006679
7453803318781246209
6517439739994990419
7638394147535404923
3704478319967126774
326855384300985556
1672043643213162689
3818877653783395417
1910354530963786367
2382248001335502755
7407121875626341963
5848810548038310143
5735044554685706866
933286578622192887
7542765238646407211
4876577177932891416
6828955762527200446
5301878249958819152
691012514064816627
1694905029128813676
7986116535544435206
3519402433873444765
8447690376418339394
322645023694724832
4527068616391588862
5288748274194279926
6723733556785454425
3506637576845598411
2990557530593100420
924151661029661551
6239834568543722290
5058075316172693792
2169691763348238843
3765023104657523853
993009929480718006
656881399152175169
1893630787421211055
225976551294758698
5010010439936893425
7186454096521918943
4548853451581909364
1562116221643132600
4608133240215353864
8232672174842650322
8817803271935368059
7013134824935287990
7040681672207338082
2430591673948418464
6877766314962691643
8268417489377030464
7258843901611513853
6251794138934567627
5804861571664682548
1316589102378861515
8712706816851209590
2873080795629931001
7687077323095684843
6461745583986859061
1165880709123870040
2885647961931518926
3535404900896011993
5904385885441287351
4845711096397052142
7385392832590083572
8654075303956908980
1258275024343071553
2996303895147842487
3516155489147599479
3867986228671323913
473736500642458590
2949634517004908054
6175163886534171728
3792174220723937816
4169464397203287278
6322496265350936769
3366152469224476596
2893128750346327278
9114162927241434990
1323298097653746120
3112719508423439299
2729183730519911256
2016464403371748789
7846452428607839495
5148206871922790984
3592058386695080370
910530979876178697
2847471396145995653
7933210995375367343
7199099394710184952
2102670000992455460
1971352212918074404
6324072135124909891
3093893942843884727
5533831130642512531
5861305627625109965
6994308327851597346
5931438858693809919
2062974477512712862
9150424243927444666
7155819360058932075
3869372637144838170
1317813079771395561
816072116893473610
5508897834672824000
4466917026079643796
7363124546021354941
5075048831922521343
4976109886760062069
338221334514220183
2904785567196931481
718359236140653744
5553813459228022688
3208906654098314026
1282524977770613138
3243596677338450205
305694938131623412
2417887848387428889
8834300651595628245
5296035324496097821
5765758291133795394
3510421361154597818
6280354478420093205
6009519853061753496
4297388854827409430
7255062369718290387
6546169460719179729
1463535232688417739
5086382414530234224
6581931408098338071
1607057228180336545
7451608020876094094
3773363035696755985
6712284582612439804
7066285223367451034
6740294585825719065
1144519332339043900
499273231893127001
6392891505311294027
1120207325271195279
5513288097649972440
8542793114812385284
8549352437332280741
2019096737781866995
3984153597243366128
3303811115618881612
3712790043734252672
7906761106703968564
4991398425064245475
3791377705618673020
3496671398112437255
7852842938681390946
2608678912927614114
6224636636290951255
6810116950565166721
544300276717577028
1629980223065571041
1412088371776404834
5281854261237005859
2738690819349199106
6489417783832888169
3892395273387229532
5049569895144145531
6103050910431332508
8522202217080365615
6800559605343710870
2961108496678661095
6435310645659032732
7403052067926016543
8761119008373688280
8304376818334325425
6620853571138545082
7905761452775316758
4753504461657885035
6372820767370491514
3940809502404235236
2555528961566166193
3717500728392209031
1625752240302111935
7399380906963294156
7307539442426767876
5495645778708035986
4749051456663442573
5991445929631136675
7137242423248773421
2181940754250435696
1431036234326203340
7834484905658677699
8205621441281003063
6300403457081100058
5493237073180853565
8872055582121798155
6087652766075791705
377726505280658935
5163159577771664810
7956235429147594336
3005392641506639368
5482603203304733881
4172979825306704712
2117361951626141782
8810168486852105821
2368858394239815246
2095067200927029681
4362314030425106434
8363714783116271993
2422645948477216330
2505438515427867041
1649258245075265576
2140200468196395242
6499501367832676100
8479052912682232128
4837235684257623543
8893078883922658128
6803134877944259789
5885542964247701014
5236359778735352894
6529468219569908644
794428665120015441
6584463757506934641
3829971733089404612
1921410366367691346
4905260481855242611
2094805304014532045
4720587185426964118
8720973908400207859
8494366162346482292
4385569793476521500
7108523850387837347
758741267079605443
5937074741639193416
5323717958709221351
1869551240525341102
3539890034171417428
199656614363288126
8591942172659456120
6301816338746847767
6157860127623151709
7144422938199484507
2343292887544403563
339533177912982917
3286498174929840931
4731179910905911324
1671939107313530041
1763693437057948365
5545534782832482159
1040454405574375670
6406273278085964429
3027649514557406234
3260341598569170144
5567894309383564654
8951882820651026976
6726558326190231519
4642301496592206796
1200192337037191777
2029828037226854925
7473199824767869814
5232533893360010780
4128566598345644002
5160730354602462178
479906401273714644
6239231724436734137
3761126298296115989
5535075873273666182
7193431183569314824
2956163521407877099
7403223773652489202
8376362470940202803
2942972883100814965
4174841411205547718
6804477276416954271
2013661551403817893
687033988293151955
9075920678718144664
8282416395023738375
1956914025551285294
3051372118908652362
693387324029991728
4691163193566783174
4532138177997149399
6394876119694033873
1044069061473749559
3896590280671595711
7692412709554115951
6039731617651332027
5314422131066296927
5050621567255707022
4147153580402137352
3597640547373909534
7932280041235855788
4986672545043818772
1628611645529842262
1660841252763326480
6645805231704202848
454934569544041220
1647129754761212552
5606503682003471893
1502786288618604630
399590975210203617
7998372308900970887
724614160064949276
8561749758482703235
7161158405808010484
3493998162503559780
8256374183448908497
4400297756639873598
8025125535485623553
6431166103703974519
6512814821878385012
1278897181567273328
1054637066543399511
707668298526281816
3793273068138613209
2036330263498668496
6700625678355652785
2335477066819107196
8037377078203033993
1356605167167000468
310270164778265734
3665368508088186585
6711379106923523536
880877178741795351
6084618431033308332
2206138222891512251
7744838573888354040
7939343225206513617
8329821624283789463
8799231625564290875
6339967098433009259
8780946504154337491
2927927503146813961
1507772331338540129
3346084772610188988
554065789271847894
4020809520353257462
3912326421587391200
7399883554700110395
5317017709694458491
5474180538372826762
4686673120631914651
4005627894174997254
6346158454942096696
8766770705840257789
2434386800619615058
2766605038142311925
5641145992742594600
1410905396125687810
2298747553355148261
1572316310417537837
3573948119794132530
2222727702419589612
7111476960846584624
7094822370906106632
3305761649710363177
2042562434863188770
5994849566325659190
340352782614937974
1828697704483619489
8415601415816381469
6537087068234218153
2162418561106110629
4458144930691524954
7746083267506820014
1507889459071852781
2544948500318897960
850261103103721283
9088923118856346143
7936588358153989533
6178784752359787517
7917011135718608325
6835965394142171911
931259538332592582
4636991812661200469
628533126230157617
6650167687821040872
2884012060581412421
6526290355091666429
5122751574950610669
5014131275567160256
8007747204600411875
297202185455372109
4599078684335590086
2600191480809692141
9158158876180209945
505304501461847295
8813696529170442454
739763630892177462
6501597857782505452
4213765066380269838
9203256522915495629
8051497352193710924
3710803906778506471
7701841353592408824
1031220205656901019
7268059046205353228
4024371005044657842
8484586713101728932
3440132265930990933
1314685091013504323
8423878271604292254
2027334797875819920
3046020606124010718
5960131201285864338
3097375996281433509
5121772141769568518
3746630323603775217
433861787175822327
7939285553116496196
895056293237167972
5834414892393606266
8640342071122234307
6819794530278587673
3205873815359075551
3133818446458213618
6939523169377706599
2468866205262199937
6738707079947470914
4867786494073517952
5703912526578415010
1930417738798666617
3820674282989576113
6983372787930296162
5909227640378136080
6002431239481731962
7091272025087397084
1084452862386384360
25173754005041069
6761624582651654716
9000291502918994502
2167472749693755818
2938739163131011478
2281515227556684035
278620631386491452
3590899621153821109
6858199284692234645
4417573635246722185
2844746380169149038
2949192384374865211
376558158890415726
5320143826305129818
8525296294895737364
3131540415323635110
1028887352259554809
5719020299183868694
5920386594798510255
6901650392456998689
1930180632010376543
8588574955073521567
315403499827100445
7931131992880615756
8692991703592524093
2150708016630476249
8911484345331001312
1672638905791273793
2783149525725989095
8030314431024958678
2780938867062435845
6894245210436144061
3374348351315365355
6741315214583772063
1691825909648819477
4209370484485878213
7154693303424920116
4829400861536996042
4742755729011736822
8021205515041993240
6518230792427188662
4819434497484855822
923498146310826736
8516594668688476618
6751620265953466579
3595273250729539887
2841734300973883982
3754647315896698026
7571735256541846605
3148103639829380177
6720392560084272581
2536720109487377138
6705735461767104475
5022639560345696127
1540098931260375836
1062636565211840945
4747233419169847241
1032880499877693483
7877062159377304810
3696255251551407862
739222846730977455
6073744788601866006
4328629149788361329
254352165232660753
5236795241063407768
1862218638648546761
4445751254666473658
1816613705601261109
5950613529581102556
550321146258538973
7245736086673895428
8368256617921492158
6825918547376696855
6921602654132946784
59244124350420096
1031940109603792787
8464594704987466605
7532187139341228226
8629827201474927284
5631041036687311851
4436377482044229386
1949646951259229615
8248163607644841424
5540487882571202449
801266602295882455
3048116786044261384
8897812017137315553
1846534464325058459
5611780044044641982
8936086146839468214
5736229171031139034
7692402068457267423
8924954871182075726
3628181995671706636
493898688278254552
5951169458649173688
8812927471630697067
305127550943760060
6553183802672308646
7557821829382175509
7728246498203266617
3895570565241739863
6458040386717339194
8596186740557490823
2067035454298708160
3690524606008518211
9152901428548913774
7924867117430772363
5773551096162581680
8666247327144420215
3516202352128343127
7803951416366683987
2112844070228549530
4468614571166261977
2612326951933933060
5459806887693920659
4233057567485212126
5818554645334620564
7934081235630320571
1149386537756902668
1378884576853610211
2233293406830168327
2788202211968800028
8425243244771558349
8504557448484884744
7101806510122647360
7285063764150213531
4906260073370970018
3275254360612100424
7892418332113895546
4219244705654569453
8831851771128331080
8538440494051188112
7342325789530925548
6156188167439186978
2427815706635177061
9170978841531318951
3354104973532801926
8845557434684132175
454362552272536232
1854728958591928478
695973108238966856
2371710357982770963
7426010746872079932
1291424977297636934
8530727676477958571
4612702129977919088
8987872576652749910
4314713519961614750
8052672209602266593
1764299911215258143
6720179908956108337
1238150836054408497
7257417305139705757
3217945491970950619
6779868350853404488
1331121291309354934
7618953612627095215
7459840717911319048
6214533365411984245
4231492232006514159
8612949222107450773
6065434053532382398
7655364973008976325
1462598839952861367
2463733229995631032
1679216933156269515
9090657367667450823
6114534549550057541
8611713209093300017
5309915418803146980
2797758593078003732
609659894999785323
4592598684954523320
785850967214120157
6658888134779043343
8748515915057464438
6455815219852898840
3679621380764377808
8335818526738078181
1675408327344170737
6084718955962121405
1400319348099575949
4773028566226601719
1913916423160983105
3295722581001193396
1391115984438398878
3966054722034797114
829172400182621154
419795643548823311
7936358782734490476
5185337322138588495
1136459177049732632
1732122499543476350
8228092999395478685
2883877743116660862
5370075384246264886
8542631534778111989
8796110638482867491
3342940598362967210
1903181589792872226
6727848793625856695
6341513686756523451
928375808921284861
528708171481620697
8961192064372998322
6339051823524056314
3781298545891508660
5016296549479064927
5641162701177617595
6165393040510072801
6140993463908635092
2573834986158794956
1986392685174626750
5554997131202985981
3281260758092064535
7773585029469796824
6662908239233984983
4181211089055068878
1507504025826859663
4199265793377353501
7844768613865843945
6319878106561848795
1836980138348547740
4928726566399407147
1529038667093126062
3243230134274368957
3588467453693351017
3806214616789696426
275197802618391144
5688723402537149158
4375537400540512510
2355309638179397132
205938187578251908
3772698412305177945
2771792352622879285
2794631699394023211
5623913720367346262
4539975263776538352
361265004900740026
8958198392348062079
2475689659186281152
5201155928959607082
1756780738081551290
5187383482681380934
8059120220817275421
4932166634115911982
4448574730750393010
8037778271343020458
2733837600277438809
1493451310857885071
4893533641352879996
965882640378867880
7448541431142849921
786944555906264507
1857418907637362701
8354814230107227005
3220010942805572680
4913421145677943749
4377184897064905685
6238469477771701754
3584867899462962459
5998315696974332547
2554687728088548508
3745328898273951678
2699962221857747839
5627623718413471463
5925539917660352730
5256884094215690032
5035303276964039102
5764020620147744973
2268308865102651956
5071528745824946235
5223549488056277720
4085000867243471817
2637546551661278501
2465910454116250994
6163834812561732737
3672117133890627512
4751790270081196647
6712785892042482490
8340828983927901382
2428911499030844801
4620309146954667338
8308382706002945786
5572764093592016547
1363200396283654355
6133298073891292155
4624538973038816390
328215115703024808
4672890123719668224
2735835511541685821
6633191424822678805
4350327665646290800
7715105930306045864
7265814316748064513
8102672203917418724
1118064685305800009
6496838210480552559
4999683767976815317
5766197424272845092
2937134918860756704
2666711692926505492
4218488201899453646
1320544589486765247
4337056945591733560
175573090818113920
8012031998606562507
3656073309592832340
5192824926186276350
2698779397089964697
2175799479802180572
5655522965366654366
1563196410025589596
7031466995425167426
3451191173663203832
9109572705239626018
7184003115518222186
6592954298812572896
6101991304590489524
490751472616970515
2595350759110570974
3060553827243765738
3833614227874633844
6334133258169587889
2447791955124163705
6294621583183714579
1372059008225769155
7440717114846998671
8934409376210226116
3914674812691106914
2949839201654795015
1696375198467119566
8674347272435564978
404075971023175744
8686350685062807030
2885403169328822712
4482838127647257938
291371193273185605
1865146021778323102
3395681366272059492
1516949011184001363
5312819104695040689
3373283004317740827
7778755558747931728
8657386038463483502
1491076352635053894
2082149843015063994
147895541313056643
638133685792089680
4962063434178720277
9055068690177095934
235568022862674852
8419795355373103613
5055768964720465066
5212512869187780062
88104727672031961
8083610141663687699
733272115749384653
4459750942799298722
6002778083455614922
6408607647116864885
8598340965454475615
508550739317072690
3544399384730420452
405844154579251872
6922697839648048785
4243649336437923729
6445467611900177280
2209712719222075487
8891970861763419214
4863034523059411022
8180413900533089167
6148243893442763599
5409798452898409864
2617315663354618134
4908059582379719942
6692879392739402091
1809318602187117132
4201181161119620223
8217606811754611246
9111437368673102523
352825689675318364
4072706780633426308
680863572248905895
3553327748097922879
9219697325506042980
5116050971414560754
1841793629809212946
7426608607797153138
7152375525472318522
2840687422478084394
4807527514738179345
5383723110998015489
8550363530344150672
1120417630913155685
404620239293702435
7511203157521934677
2300776606166663300
8948603147937521825
826956149744983670
4615614537708938339
2262667974662291456
3007512696080107542
9100089168756914159
6743064943981754100
6294106792855502596
7344790881897632563
4397924503119281201
7985527487708393023
9028724682607583998
6186363240266647274
6144523632543159489
619634027168344245
3578702283051275117
8680527025232942335
6936562485274860648
8842624137797988579
3803917117614319989
4629536299740437203
9212155299566809628
1258524858210884643
4218956011582470657
6899966188920388573
8426272430860169276
4630503172401985841
3933065171493697582
7509544720825357718
8354240193884536655
4609004186479633341
6951262572527758757
624738763963313989
6484349490530639140
2707446096577941536
6610100016913595566
8392584344893083294
4672063252219229724
1138214619131847575
708783462132508690
3298311934421728314
9063068384103626205
6853399751282991350
6192046405824644443
6342486612871061234
2214387917720552123
5805714469336265815
581475872920246062
7970170317437023064
2280115173421213233
8102629858705021545
4160545284127497399
8519833478342326549
1381344640931737815
7721474490380995264
1391303636252421498
3385384076545122275
7951823769347361272
1439012036415620192
873881340137251925
2120242202891780861
4906460558445585476
2316961161252673931
9193329508669119178
6668829470415056190
374093788368337813
7760836548562033
8288219728844201437
7611637751145334535
1624734486083765691
3933466371754973833
8325259615442063147
7828888805204790994
485354604229785347
5671105518513567993
962467089335360578
3627303430352623963
6999343981444826102
693248960406368462
6234509320781451211
2450339606011648770
5575133071610086341
5480294138610708124
3100449927763924797
5400926480464770300
1553814639290837375
5055228408782411146
7512233264153505060
1045544290974759849
5911153644601630285
4071503614824349913
8531451073810412469
947376160027444964
2671795943735377629
4470032522729933158
689575966920465947
7870531019496034617
7038603362106712319
8729584975296885548
8858132542571676662
6199188673974933785
7495468617918117516
7392458484011715070
260059999279350152
5453828444664100341
2631137189700494609
6158016321453607051
8503726804902059641
2609959309046664107
2927874676474910208
6639956688916386698
2116598647326342167
300198887680102718
8253639108779922236
9188019338463361905
7788934796536605139
5580614501757484504
2993562085020541854
5928338014519666613
6815102793619439694
148397347439766645
3991353475821927734
3976565781213780404
4069010851090195173
7800234739745064264
6749233674727294664
1880246745049390408
6853237038623475670
6427139428053124371
1282944055642228432
1173736711607936185
5371132503257392025
5536298598267245147
8461872533715861333
4924568212193946916
2592909991335819889
1413983733653337810
3231458974420014912
1522128232879075328
918553406157265698
268163429406514796
2208731850783759277
7188467832347628099
3342637112812976317
1909507610975209867
4116109235695233242
5537874353608348687
1256173278609054177
6984071053271195135
5035692347089223013
7283516873389571013
6094667577678669045
4752406047560929017
6585221700159516753
4524264194076206546
3010549725067959533
5791895557144601895
2911310131307235243
867191266485984367
4099727617697213985
807900130445908253
8525837938176335986
1293633157724342030
5517113972421436047
2830862490655142116
1241452007796385402
334599406931125988
7861448096740867985
991369838420167177
3750043126631824477
250697575673481660
7377887431453643867
6005937106270740321
5346508135371164693
5954609135563101352
366353379374833262
8936388699288569540
8298270655352101841
3501337881344341409
8335347867831998747
7983892610106923536
3607262135813698400
591602497877149602
156718885979684420
8294035269265095889
8045917101933599393
7209342995329516858
1512153338206755737
7038323660796942515
7227660610152664117
3479688395497409841
1396393969365555229
8573791365444323917
6173225499620572751
5867820378216187628
3421445820659903408
6988149706393381242
8718061058335560340
4704163110147502843
6642877722635961442
138793162255916359
1563504227687955556
8203091060947963144
8228479834017518574
3899696457236812328
4078779936088308342
3589033416739556721
7692164245457018089
4098942688541046416
4873087909328591678
3424280446771695570
617397744750111328
1152690260871043502
4532020855039422622
8670225348924323219
2414769238610169385
1455902012760756477
8610128094256239108
2340803613059810741
1302445028428263430
796652917855345653
1913418450137964688
571487893979271823
6209348718104261022
3640573073814587256
668099989812525786
173652694214521679
647308377104054044
2875374286801774648
5982995800756934689
2231083143975675383
4703008107229809313
7819144268040870026
4251412550311184211
7036258198084146065
3182397108292268107
6940702003793948405
1132141035062447707
1774201607413620132
7036521506481045372
1617354595333369004
7372657308028723773
1189766419495001788
6953114119881503493
6938371428169693780
3769652427557440164
1679065583898330131
1586213429415772359
8785293561009645353
810032752162633555
6232124755178024570
511683915281366688
3579856289891427712
7327268209172223720
2234297014468855271
8590008884885096946
1502383720927010763
217103622641043769
3587239805464101356
3531923542310317490
4699760582513420958
2843373445087145135
6362214201183880936
1686826440699379978
3597818574649368453
8886184092002753299
2375270094010325817
3894300125570467658
6101664581991187140
1359386790416830944
5668032559939080743
3852601491000608298
1168472859727400368
1153879750378865746
4106961498104016368
2727848593711363169
4488749156185466385
5991531901387254086
5770241873489520603
1380241572508645946
7042186581357757644
5839365920430722950
5027146421863726391
39948258333982162
3027297004222558561
3285444248243029558
939525713016347353
2314882495972822200
6649299146418560761
6841174205495113295
3071701596443033996
6376998588292700224
5012402394222316453
8725945977574471825
3235938235449350138
7890716707419876990
6742215472984397682
7614062154870550016
4527600802571539027
3424162665706585762
6323889843477281904
4827036945709955609
2207294059502218185
7760556637249332863
8373149575284537037
3077696038592847097
7379730699311022092
3703062743687176315
2669265154193222309
8846382886049167063
5925262150304807545
8650569911422030462
7841777814148689198
8354272362792172441
7375274580427249821
7069081506705304394
6820934605483154841
492050008503564517
2627766794944741491
2805135241308648615
4327431357020682935
5097019668761648903
7547907686874561354
5927418932819447972
8231260358398774132
5066556603449931031
9127180514769919348
3491903980137826628
3120253680035044357
7103287488079974074
2656961973988065662
8745846822969445114
7770585715266441840
1433618458178614118
3992954025175159319
4774381779664542956
2127268440730703155
4780275331774160563
122792465897080608
5115198558554088929
2478028609929577012
466363183468575952
3454343956295812471
6345514559468379152
6749360358672842658
5612823117963814824
7637856594984253638
5168150072786217706
1992513386627302240
3666622239641724264
4052868196207484103
1939556683197327109
1943067716411500199
1093800479179097959
5018673306898925814
5109018358956069401
3653653253485854252
8813195179618297215
2020430521554142586
6265034568640045074
5867150547305152859
7042748800230148449
6544576691755858291
1891191455991340100
2449188643390868731
5220865654808983875
5413512626205368850
7601401481327219222
91570581458651247
2457320660430168307
4731789057785820744
78409630872047693
1171715534355071944
8322839061395229790
7021259217667752776
5669499766729648642
8284070038738583228
6846684940233949600
5430542193542659309
8267451318372575406
6117651821555053789
4530330905417357495
6082393946931047588
2157245300163498061
5702092770315121472
3632214550751256262
3400309627932755659
2876079740253891976
8895269243527050848
1445217388858425728
7460851188510590571
4544763377510487215
7188376841888443754
6514094638460258391
6700542944906818163
9142512437510012329
8367675628306015039
4211620983818375477
8316915338426957674
2264764084923824117
4928992713382958817
7338441425721658379
2736163712724742100
7915846844670504952
9001113354910796721
4174339677764143580
5981112510380578310
7793888001586484091
1424353828944791939
3861855573179705993
846683761817948048
1727481248257425969
3071969158471154601
2268744767422978430
1748869422843199365
8290495456559450210
4320768993136890228
5160497156339508325
3450310741212296387
340587688235932699
8586612828138539115
761207144310608946
656871970241278118
3211488516988334939
6091780662400646140
8492532474669341423
3062556037687114522
742430636865091344
5499263015033029498
6851551600889678845
3579768444826990926
3615498455293688852
6224594193531488908
8303373055336949892
7717824685062074544
4334142463317847356
2986901725475359368
2157072181348135484
3530923469748166503
6967357596763920993
6170172517727905264
7168339683550245779
7042553244829529851
2324074366987467444
179640810770209039
8889383730047702418
1532207507834302782
4938448306625865135
6528591946045641867
4964565227128823435
8516294196429969455
8726294295339882501
5327051128282986906
786474161288096363
7233836006561435081
8282634150534568034
2772038844280791696
425455659468815721
1117729706671648629
2257152392968026797
8930975319413236535
7847991175869569247
307834318264603671
4002531435111977728
1225750370283141681
1076959160981692077
5155136306651354021
6340698972992615209
6738161365605950277
4566232768323399531
4956178437707049726
2046917252269548598
656517998055183928
7562849813297836147
4721562734603085705
1064857011710949441
4642488659925706386
8931361527486946300
7230694441355908830
7729644505255628463
6332331419988848368
7282795925749492325
71696923221732101
2340096677040817249
8616494088447836445
4234026347388172728
938076714105635652
6165472471320814559
3908700859363058414
5908344204662814456
6561920947000919938
6399889651176213705
4199187437925933649
6259941339069726542
3536980771541901622
8326167978984538964
7895149971493085802
1384406980162223477
2347756714527716828
6277690238689629052
1025957467780367213
4676312372433123411
6492861947988667037
4706419977955765271
4232363616992065766
2613731839233124738
685446406059762956
3039732698153278471
2518071733273037275
465820721829792836
1817035361742591051
9076076617403494327
3413723331157472826
3232842686443022595
8046339966580622036
5888885945537944618
4112971472255032254
5372273669672098886
9013441928904356931
2651328390329632811
3979686201699890528
4771400378519223043
5792621605345806995
1159997539389399983
2277664985310891144
5843642555740759094
9011813249367576764
631673886518088513
7901693983659074498
6585606217782577211
7500174918209569694
6407937369929777170
6324747036627073562
2695624475615765337
3271925695747227056
1506436539212279136
4167594042293976529
6246281675365002409
8248559974361929924
6537807302203601407
2622365207366703604
1738399025095660110
2246609050522568210
956770653142723689
6852107320436384316
2427228880788404275
1789736665580571431
2296971844947219401
6810357014297486018
3498433987546942708
8377397165132449266
6918319981197307089
7333456351285725206
4101770830544637646
6974263096552237331
669740968241947032
8981258287204962441
2353157224366492272
7819088483190832484
2953717328948125803
3168276208961780038
3534996027785632818
3821395651208620697
6755003048980689146
3222662815516258659
7740204900014942057
7993684906245641979
270814868384918900
4566005326465333989
4547695420120316501
4335187616793255614
1694564021506384921
4329515748432667794
5966309184293570911
8170694152790435347
442574995343711401
5582271056752857167
8627131679441159203
7385981089462515841
9096494147370369912
1115977076245558947
6668346325566994575
6438318686001064982
3024741841195742196
7456456974152270804
1886547235372733283
9191442177030011283
6724594729190321926
7755616662091483227
1393521917059771068
8829790879303780815
7755526780123664765
3769885569839919930
1952454929751946226
2523078392117869224
4080307793096545845
4185233426874007659
162685336580345525
3059814737642617791
812734644394296843
1611944580178348369
469939901346283059
5980468900567543602
4624508976856548485
2423748609971512231
7693765722423729273
643671776811349247
6155507524523472548
1321185541839856770
1434717225391834024
4916627671203508315
4043250520711377700
7971051457351535186
1661959111056640459
6446709021952548750
1253764539540553414
6674078059930976938
842963662133881898
6695436960902944783
7799943100470696304
1552999731954905771
6485805761405144772
4989341086975911591
5286714396604647528
8943168220245419250
1586391355937286621
4804671525102315340
2779464331069773128
4015134154406656323
1898938224199675871
4508772293114154862
5620194075598670723
889771579490497103
9083440231163176736
9061746026302279570
4132519949117219131
4133423068478203715
86122081558659055
8545314317016428154
1984229204442810088
4376651525988618275
7837057200610341370
1025863078728304111
4389263588089670960
8865663466078823671
2808760921441018449
4894553137150683936
6692929028492972119
7739840460940631932
1441537332102006267
3027959004051370123
8232936726426379714
1805793912308232276
6025148338311271211
9202699682452370180
6015200471279354484
4975280011758705457
4215255761335880233
3917192208137445504
9020262479446615930
1918384249639229574
7327963007420556499
3224986953740139555
5463420318257940786
6994012446214529378
7453927011593189222
1795657666740686076
2495565727660345662
502632044958332667
4807035573649124821
3076541980025296088
6126091921792643173
9114235118970093819
3582236851316769774
4092171881661610844
3353811280344166829
935046937158163057
1888712948144250415
3790378909438223318
102513805605929888
5125591514729916222
1879676044626246056
6633479772506298926
424371429543788371
1523744326603989927
8713444149294758752
9212584349586731840
6329140949688046838
5454153920936442931
2587710693017328316
491476797837883849
7018179540513643853
3121104123821446996
6561614849031955645
828304179773537307
6257674003721335189
7924268805831305961
4183500876141308835
144515994081045691
7388867674414248566
5463325709452454914
422209648327319088
489830435948042914
6058065131009553801
4895554861027448678
2692869460299231598
6817569175320888215
6248153149740326873
6009010023348292654
2077477163226553680
4714105010044671833
3423003240751297485
1625805707012817318
7443595771955520754
2200293990822267187
2945405272309617760
6176659089151178121
223939715507379094
6642073408072481021
3749251686148234485
1643108244315261266
2797730572690493590
1664206650253365426
6831834827596822180
2472751487930380808
1695917946135226173
3390319525337929137
2124457258052891223
3296190280429786087
8635866073480262727
6529003908619089724
246456784016629262
1745970679419512960
2595768578903481428
2982839993135093300
2105737747076330292
6120053658064374408
1231804752350032560
5748327847687962450
7498869869984330018
5119489972020625874
7623769941806334637
9065123567862344511
7447516045900581357
3961084692696959162
6785143175348133311
8734891411018357446
4266541107902347100
5761301025485559490
169941586981247796
1507547959866285361
764363964023535141
8354911943668412524
2075997398301159193
1837555886321126428
2030021666244818325
955801774625414018
8914753598894554302
1882489434508265908
7009496011267035857
7957559968268215628
5143998847916706040
5671893325258859377
8069667661360555316
7243395455078244742
7327748891307685063
8802723436106669607
949870326165750867
5485611423258670174
7611722478523498371
8930781499382245470
4214161435254823350
5175888556194424079
949435843110476664
7380457938562070083
4875791363569740040
122014513160421969
355497423198810892
3953512133100078755
4480394907503007980
8200315597608502197
7754480997390703854
7834313142695208310
6519519064685474133
7853100008003788699
4617608015072166079
1736836386176754188
7812514123385097471
6259278140638991851
7625228353014777792
5782775074995277079
8406392257326812295
2015132380724949008
2496323458952914669
7581699248610191080
5030942486279346834
6978145997152740534
8253432453398410427
7418435730974702829
8401679433301242154
4583278677548863022
7824670278659650242
1623856177248526184
2121149148083604135
97995217344088257
6007681157097367343
1775824754185390224
4278321908678552078
6132673591814540076
1685713729787607356
7425756302148669218
4480339616452628280
5616582007017510185
8031772883905307988
5713124810966184881
1326676762822398691
823150489498507856
5755102953366894555
8631984507969386665
7586619309054595259
4251850718570301908
4058282674879352497
6215125933258295602
3116529359485108663
6072519906115269498
6588228254913172337
995990453235827354
5044978585368187921
4895586795839774192
725648669195712528
9016808952171755109
7837546816634643929
1574188975458058263
1632371758950978731
5865401872686845552
2724510125123877570
5659662076260271706
8848498541488546310
7891903176906862352
774292186896130086
8011406212946031615
403477642875052799
7810258622616511436
1235104475180046150
1224891246916293056
3907359778328730687
3043696051398979656
2820031948092723945
4681309741028915468
8810836568604721506
7011122645347097303
1784037997053547440
6190578369115076500
6968485308694652471
5898250731647795778
5346876691660954061
1673481102462662199
7233042908876676989
3871800096573197107
923103403195682958
8174585235776789992
5432656873798876379
6805359841028879422
1601881129657984234
5488994540363513767
6799434607164199154
4545850536328410018
4593060750913511067
6968840711486979592
8650966021192271964
1296609054444882919
1163811862100538946
5986639511560894395
5570289823283327694
4941292613921496741
9199428999764300889
2605296875770656840
8017811728397399815
1787799479702484015
1776599061643712808
5929223486441085765
7188298796206633517
8411338024241603030
8470400555022942618
2448054365630351800
5471867435847783424
4918879721538724300
2542204948680301866
6199960100971426861
2125933705822860107
6649052688595912239
5843400696823068947
7117388948770166287
7256203054198549097
5742581583332603817
7296156987572198705
3137194645279335361
4924082834523977545
7296287265950602711
5004802149502783642
3030359892136478148
576699470704041693
6098112723919303874
668332714392698967
2112962590065087226
1648048427513885924
8022307030386788402
943425135775353740
825337730245578342
3081114964341396668
2278971788558110556
4497773967983920009
7984770980311621121
421906359669091011
2942315059970112351
8746533228629921299
4039935365802586881
5786279085719442521
1807480962181924429
5521686018974419670
2368037720602807222
2097668470038562391
1092023193545961126
2517302478503781859
8839774425377757361
428255878057381238
300254876369040690
8594090411009994342
2406045876679958509
5458904476813519117
4370881589826221320
2701243970407759473
9018110965699881084
4240760123974933628
2996725020844602397
4288473858943202908
5683060905690577706
3770337743687152558
797033302263078205
5233642516075314854
772308243826683190
4062567919401845439
8509835337899946419
4212763584462305235
5681034446792825353
3594912140445629553
1750792194161634963
6496569436032371595
5657912617163170394
1805704625537444457
2053942261557037936
5146096448834180169
3100704073452595229
7778403202295624963
1159749368420597919
6599281561371755093
7287884244138597486
8411303233988598734
48929484784077180
2316801457282515395
3188603882219723452
5454940729738822786
3295729421458679550
7581432906711955516
8358066340076073486
8399308357623182146
8721301740878889843
4977271449547477800
1649360905914835435
7938651837806373497
5120057006180293992
4123930444768345161
1650511864110515485
2328892447416534036
4460049025236415523
2446049899540285477
7314460036124281471
8166829961519891136
4043113886102140741
6966656291937842884
3524479426551101590
910375489403951236
5725446042586283446
3326438347559485838
6917005355292659041
8024655757387548825
6136057394684793838
8480021615454217480
7150072611394762934
6591296554451766203
8674389653078740952
5666772339777238074
5470761803372064331
6225430266838119768
8899898494490507554
6409737795245692054
8731930307999005923
3954085839653082260
3972899973696333186
7415353726571641034
8419292902690715195
8453059481540200826
1670389669558371235
4343383426700615634
9122031123206058063
2179773503115065972
5894996896911536575
1166356191037533015
1047726806559089715
4652646070026088925
9110820324126052910
2689873554080505236
3132723755274384647
1268542751483996360
1309513985284608840
7080934587601770790
901343138017355500
2041250564839401440
6296560061583645668
1666371472826477159
804297889577868215
5804283533364026022
1299185162273305227
2745708829012841026
8699670213648777269
1737013426002351967
4516363986748844625
7360990523657560891
2896104617719948222
8981270392417069680
6168273853269522651
5917976772012778572
7420511554054637815
6486852698822206321
3487277248135633823
8301735121899645341
1673222916416192889
6896830133791867977
3311533919849787553
2057013041780676541
7486883756136835024
6286157209581856729
5662567572808414892
5088861486870047423
6827143222872971335
1560569171342449928
7368984154602715724
610909537982576220
7163888904894861752
7655842993240683122
5951253459822357558
6970676841181635203
3573471829464984557
252601440374767721
2915231302457495668
6264950915476040767
2395604354440134980
5577404974783780090
7438362068972574546
4512149603292116291
5154681107427275525
7810620563289927381
7684290733611334311
1055053314785754173
2253134623746091725
589572447245030557
8544800730650678868
3354977528605614461
3256925125471794054
8590660275444757507
895064532147647143
4735233193667362382
1897134161459312665
3958224568817150736
3997508477468330251
1120515577036624405
7111929820234940671
220207539175247738
7381590633735945207
6241394922845373546
5851522069242637652
4281139320383282036
5273646223775601205
281659722880015253
7726039454432085366
8388655137375858093
7730995912890409263
4012786337134461913
3781469755781439999
1170836986851229078
5966176812407213385
380264516848522299
4858067946841652471
2193304619868298998
6698590018087429415
377675495196866104
21035630318532162
6573878572829124359
7880040306608372663
4104349576597409611
4822598290645075673
4651181855224619534
1860897503298992508
644518673613284812
8925916250970897376
2985787926082241771
7344564130780522183
1017063574655907233
3628767105787789486
3444941806124032415
4531598896820994315
8147420873535925052
6518559587856098935
2867949605439172304
8275431791397070536
6896041745366119153
421269379957913906
631397997546275798
6944472461670938612
5802226917636315576
3223518708817203601
299100475418327659
7670787357572551066
7977859318293925244
6002412531307051524
4189188261108334415
7781106541949517142
2872865664840922336
7689740111205401472
7846140451183782378
543455092763386208
537154071624821872
6714798900336036960
8319320267373221001
6928656961986819825
5431690695092348385
8366300615277541720
6966522909735407548
8302973734163988874
790748464729955576
6272241858288844542
6483617168176187826
7184563703836728674
1510487666103514220
9202227903525935682
6081384653291128052
7045801216744115424
4662444141547813286
5205608019175183318
5187810833160510464
5255170430298708376
1621643888826845394
8819091550444898006
4583122046216115006
7965198179564435682
1023041387016781086
2065994517051968830
9000952190727642621
447098859853123674
3448472917098116932
753228666278732001
8106304697525809014
2870060623211623966
9046548479894023457
2227318308826073442
4221114764991497364
3001247021089975947
369969119166948845
9042348243788026505
6971485228803943919
7886077325140816546
8738669600235863054
2994164869024435711
7188197976570441345
8187376333828165864
8146518786633016706
4873108577057818525
8786291529004602268
6003616952323951598
6242066027171586268
7416367824699948374
7713166337476356716
8496912934440829516
219247871936658308
522760935177463760
3475605753452829595
654849264520975576
4367773556209544584
8341153635840474193
274736537141009709
5300835924074831197
4753040901588059697
9187041894561149460
1604891293901094268
3137612147415161194
8040525831775773024
6679892273311306197
4398503525936297540
682105271909804807
5430146903545675523
3956425143928351907
5616283815888640895
4999075909171627997
7704052717831246339
8135778312178543646
2134551796390859436
3825646206546757251
6659714564171517940
3626611012954448694
911675987348711863
697134637358064302
2950265394783550665
7266265786336731198
432915678515311032
7007600694256110125
5597122400497461454
196339212035309074
25748507717875290
6423538069340725005
8675104560820795029
7097936298610186771
3255221582718701721
8886928208105476322
4087735422205700632
3089464061236840296
6422465075250070820
4247520984435378779
162452085152347335
3096533183167941928
9174264932856178585
2317239905574505023
233041747153682316
5851246549616944543
745331811577333479
4048620022579536330
3936262848032115555
3842983197198035001
2641865641475584145
2721680947051632594
8220477086088290695
7810672110492991639
3478231882213974231
7413916688033709899
2475199446781217249
3913110850407079616
482577490450654337
8890498386048156582
2034727738326713058
4171545468549387816
3273991935374536895
1830200292659916247
6433843715188996821
408039086504591932
2580448424486010444
7452891995369758952
7952350879962610524
4011166720622910869
6985334173927267688
6779906698833125910
3830164999307626797
9102595680143585533
3107860383522448749
4375299984039716268
334662231274066133
818016720944120721
6415617380607283415
4475008827104092288
5652609814334125716
6152643089470308276
8179679791205177136
1219450365127594597
7363518828236151144
5898265764294830265
629127118546963839
1207548316087849647
5942866023810606265
4958222124037968334
1107494436787100988
4517834806900424964
6023961902013887482
2937100277317829694
3346123506388084387
7077712118436332866
6867006693953354024
9030403678216329824
3647856456243881184
1516588564727331075
1924330122198256812
222956201519378884
7256566032801123792
3339127723687674860
5611732719451351179
2138844581254146784
7572533011717796326
2640575364055587595
4517844335696500646
20104991833925769
1742919699272152675
5808261046645726313
5689391427570970776
6948251635573080672
6796806294989622666
1081835219174302730
7216706450681360599
8406258699533830420
3501082295493818215
2975620703247663978
7486421505022918357
8965346251825635524
6032372572699173092
6405296617515191153
1319323128304092173
8626783104957380821
9021340139455484181
190231309113618616
2236122403825344208
1535819525735889553
5772741058920111981
8152484143518086879
8036197111175744959
8658029884906825154
6136584303216829436
8774520998439149493
7085917831037068733
3233193909479029248
4308316496742227780
6640788933386104762
4393493742309390148
7146344707821726626
2482699880607263039
4949836686758047314
3307117578700723657
3504831457926506057
2635394488030131043
47279733932832791
3502307205141880356
3273450030751644544
7842040913614820642
4695979281654834915
8092345467978840889
3116616693160514774
1251890584605303694
5174452197044367598
1772493223937126463
7186959519390743094
1179986124347034214
5120162790082398986
6220733940679472762
1790178196874494682
7323560096822533123
26844679190759911
1791044472731814577
9203204410788228699
5444674199584540986
5366627036445657178
1718988850478135781
896531818047113530
5083561335463168996
6688697243369412878
6558245854655881688
375375940236231326
5166969575924089642
3130816131527816102
2783423882395696180
1478325183992966940
8181774249684691338
1749963362708539621
8399959497253799215
7756655892908877740
2971902973014921227
4325593186939472199
857489481324769206
430522344494420480
3834348913586714630
4403118876394088302
4554142119637548511
1327682491706498863
1498600943628754217
7524461301789137643
6659473103800835123
8378799472273594695
5573215601169887203
3370801884500628759
4343675307664363421
2245120895252434021
7920304678689093347
1968602639599228631
5963954414042532003
5894605888786460009
978095780970192604
2409783636835105103
1215112160736897093
4784922890248757322
3610443468073987815
7326856649195378523
8050045924015008866
3282971316707119763
3117253593344108677
8217578306873804513
7438417047221813951
6831971408067081795
8893559188730961207
2880180887970756124
4540871524826765762
4928841080034692506
815365959214426824
5967455071029052908
266153369526813856
3319346941365986569
3608413263462299708
3670871274934509976
9029772088154503503
7066745720154456441
9000497560110540519
8775874804268355124
8249840615034342702
988745247966511701
1916169358636080826
5325204086473795619
6607407455259566631
5351137098589915240
9097315621521375924
1436237502405410883
6186603126556274982
7961997694403451647
28893756353533141
6472384218381518287
6036599819261808003
2568947226124042553
6287235209450810541
2867770578648023651
8919225166587893613
4608306459171558258
9216096540195993323
8726626043383087650
8135626566404866017
9115768418826613581
8417175246430954680
6486050627687973680
7203225579222577450
363219169063308137
8702177925046121498
909508851765582386
4382027746421022587
1884740466173833048
8680375745174392890
1464440483342213539
5479682220034446801
5049819393588957168
2906424130771136307
2660673130199297274
208550408704728107
9175952039122628987
2267477726417830609
3722678988423959356
5133208503906513899
1467219759801391304
8025417486960301828
976751023767171255
2662502020071468721
4334623541709167520
1958706870216607894
7702604920675425407
2575994221788797204
8214952902654457761
139841477941271279
8359356521216573253
2238656127824970371
136614248729267618
2936039373369060206
7569203738878984370
8848935642254590490
8668406608959941888
538270598996774959
8304927875483857365
7908320249158279726
695151073931407060
4849267510815341779
4775621536247354228
4520997410178541150
7369671466486061692
8864656086879934394
8959217709053462426
1503354427830723267
7406214100544567088
2662651416586025919
6763972229637108354
8545525770577689918
5056959863290201194
8749890327342287964
7986969942834726007
2631548135492821053
1069954021760529373
4045556092181935005
7476061847342011370
3001904519866353087
2528640829205645239
2732503700319853683
8759915518479675195
4804107151213654331
5307051766326771622
5294357178076764937
9186294564498691735
6009521967013542402
1401001820972482050
1216673819456309559
5217582300969160302
6609029376808183836
5019344861411953505
2063009247280643309
2231381046664201358
7704565664823810559
262194414300800832
8946162510551005412
840230866836757482
1557302683424489808
7052797018765120411
5124373501935942163
992171370318311352
6452408802381962880
8675058567853455057
917451779599684103
1182078685063281913
5305081584036647553
2276559098932812864
5000749437311546686
1428778476747577855
6802709224673736497
8426631049829381226
7763540479145621917
4017218025772604925
8714121995884453685
7442355825299907754
1381336618101372084
6380339891005814511
9123586576157752469
6464554063549987833
2338655377967863530
6583140419725000055
6459620874040690483
4786081858901786284
7497975480369498164
349197048441001231
8692857920912043037
2624112844076800826
5829138501865664995
6633202401991105645
6724414067699452003
5593579875976993759
1277074026445947154
2401428445124308919
8771219359562078538
8315319553328648682
5948649245661459489
6210883850711046883
7973646785899522597
8175400842455455048
2829252166712996564
7276536633634509361
3451295775092367057
4025055229087932719
1093078148472381246
4334249966257097652
3354156663639222657
8986402915915565102
5170224848733084792
2611007109482287130
3705279998286096353
8264332011027260540
2425178259841513569
5939832654310952766
5830262942219116647
1522447682024098512
3929096189752555681
4365222217263439289
4799387769736985363
6608010774044360886
1433131103629370800
113650417510491330
6994961635513490874
7802766475046384673
7854781302953452410
3715816108184415091
7394269576013420533
2348234642541684189
3887294211549314576
6455119466150892345
7130992350439360442
3886922129461575708
2174004328156939220
4329178934950684214
144810170997327835
117670312107290614
8486704359137252221
7253556975181063081
6811953098215071486
8810950478781780286
792837328725843727
5836600665266822038
4370602828148355688
4565745122497486671
4657824798220170386
2439736384052469598
6055861005877210038
7809275438858973815
4181330151171423112
5743499220525691020
2573487556126682910
5855656353364495126
3608601609180992809
8122193527065249456
8360225775494435848
8335433847668946707
9168170288607554238
183247823045200655
5359665412839880688
6119752192367918450
5672428953736709658
4902674062921482859
420144167612595961
7598538628530565966
7159980341681281041
1036328286547768249
5926111706533280727
4519187537580609239
2945495807593596976
5899212316278761250
7448035452888387478
220800680042170679
4920192725820065345
5414631785713281767
8288455806075964844
5545550480031973314
4662287435855033379
2603317389708263236
1890821937943885315
8033786569175854884
723563071712477789
2242716934402198787
6651468015520281538
8804270477028679583
6123047584638880369
9216219374533508607
2533110549089430208
778145072233972718
4718603808758007727
9006350163997859186
3854243400386287802
5332348593354328024
2474559416665381538
315426332549709011
7711985702379387887
1685846059361953043
5981767605172851629
4340899266243571126
2636699199941334179
4744346783016946524
2745329481314095120
3599266010192882566
4567577132136143616
3514264967794382513
5494415025457567105
6176598016798862078
4659279901228397693
2370391755851919552
4793232376539489489
5661930547418755172
1375063039569810196
2393214734317540315
1041502732637107006
2843891342092075518
1467405214902676529
1563425994635518884
8072207914317799003
6134553364556528669
3199968431311488408
9047386441951281689
763838126652141085
9009197691431282310
4178525936251987097
397864891593197636
6476431148015013144
5513514017252177091
2103214353974246470
8218392868526560363
